1624 96969876839 elmas_deniz kadin 27.12.2005 05078563047 denzelmas@gmail.com 18/5/2018 18/5/2019 5 600 1 1 1 1 1 1 1 1 1 1 1 1 0 0 0 0 1 1 1 1 1 1 0 0 2300 2400 2500 2600 1500 1600 1700 1800 1900 2000 2100 2200 100 100 100 100 500 100 100 100 100 100 100 100 75 87 93 31 96 20 28 40 46 53 70 40 
1930 98739698488 ikbal_aldemir erkek 10.10.1995 05435856996 ial@gmail.com 15/5/2017 15/5/2018 5 600 0 0 0 0 1 1 1 1 1 1 1 1 0 0 0 0 1 1 1 1 1 1 1 1 0 0 0 0 1800 1900 2000 2100 2200 0 0 0 0 0 0 0 800 100 100 100 100 0 0 0 0 0 0 0 153 20 28 40 46 0 0 0 
2050 12345678912 hakan_can erkek 2.5.1999 05064567896 hk@gmail.com 3/4/2018 3/4/2019 4 600 0 0 0 1 1 1 1 1 0 0 0 0 0 0 0 1 1 1 1 1 0 0 0 0 2200 2300 2400 1100 1200 1300 1400 1500 1600 1800 1900 2100 100 100 100 100 100 100 100 100 100 200 100 200 75 87 93 31 19 20 28 40 46 106 70 80 
2954 63635648957 ali_bekir erkek 25.9.1996 05332425335 alib@gmail.com 16/6/2013 16/6/2014 6 600 0 0 0 0 0 1 1 1 1 1 1 1 0 0 0 0 0 1 1 0 1 0 1 1 0 0 0 0 0 1800 1900 2000 2100 2200 2300 2400 0 0 0 0 0 800 100 100 100 100 100 100 0 0 0 0 0 163 28 40 46 53 70 40 
3299 14698398778 muslum_baba erkek 27.12.1945 05049632181 muslumg@gmail.com 10/5/2017 10/5/2018 5 600 0 0 0 0 1 1 1 1 1 1 1 1 0 0 0 0 1 1 1 1 1 1 1 1 0 0 0 0 1800 1900 2000 2100 2200 0 0 0 0 0 0 0 800 100 100 100 100 0 0 0 0 0 0 0 153 20 28 40 46 0 0 0 
3931 14569698788 muhsin_aldemir erkek 27.2.1991 05056456986 muhal@gmail.com 5/5/2015 5/5/2016 5 600 0 0 0 0 1 1 1 1 1 1 1 1 0 0 0 0 1 1 0 0 1 1 1 1 0 0 0 0 1800 1900 2000 2100 2200 0 0 0 0 0 0 0 800 100 100 100 100 0 0 0 0 0 0 0 153 20 28 40 46 0 0 0 
3969 17946058912 kartal_acan erkek 12.5.1989 05064503291 kacan@gmail.com 13/4/2018 13/4/2019 4 600 0 0 0 1 1 1 1 1 0 0 0 0 0 0 0 1 1 1 1 1 0 0 0 0 2200 2300 2400 1100 1200 1300 1400 1500 1600 1800 1900 2100 100 100 100 100 100 100 100 100 100 200 100 200 75 87 93 31 19 20 28 40 46 106 70 80 
4398 56102648950 yildiz_tilbe kadin 15.3.1975 05420359987 yildizablaniz@gmail.com 11/6/2018 11/6/2019 6 600 0 0 0 0 0 1 1 1 1 1 1 1 0 0 0 0 0 1 1 0 1 0 1 1 0 0 0 0 0 1800 1900 2000 2100 2200 2300 2400 0 0 0 0 0 800 100 100 100 100 100 100 0 0 0 0 0 163 28 40 46 53 70 40 
4931 23569698778 ali_veli erkek 27.2.1991 05045656986 aliveli@gmail.com 7/5/2015 7/5/2016 5 600 0 0 0 0 1 1 1 1 1 1 1 1 0 0 0 0 1 1 1 0 0 0 1 1 0 0 0 0 1800 1900 2000 2100 2200 0 0 0 0 0 0 0 800 100 100 100 100 0 0 0 0 0 0 0 153 20 28 40 46 0 0 0 
5034 65652314620 alpren_dic erkek 1.5.1998 05429641125 alpdic@gmail.com 25/7/2018 25/7/2019 7 600 0 0 0 0 0 0 1 1 1 1 1 1 0 0 0 0 0 0 1 1 1 1 1 1 2300 2400 2500 2600 2700 2800 1700 1800 1900 2000 2100 2200 100 100 100 100 100 100 700 100 100 100 100 100 75 87 93 31 19 20 200 40 46 53 70 40 
6624 14969876869 emine_deniz kadin 02.02.1998 05078563049 denzemine@gmail.com 13/5/2018 13/5/2019 5 600 1 1 1 1 1 1 1 1 1 1 1 1 0 0 0 0 1 1 1 1 1 1 1 1 2300 2400 2500 2600 1500 1600 1700 1800 1900 2000 2100 2200 100 100 100 100 500 100 100 100 100 100 100 100 75 87 93 31 96 20 28 40 46 53 70 40 
6956 78965648950 selin_yasaci kadin 30.9.1972 05032425335 selinb@gmail.com 1/6/2013 1/6/2014 6 600 0 0 0 0 0 1 1 1 1 1 1 1 0 0 0 0 0 1 1 0 1 0 1 1 0 0 0 0 0 1800 1900 2000 2100 2200 2300 2400 0 0 0 0 0 800 100 100 100 100 100 100 0 0 0 0 0 163 28 40 46 53 70 40 
7386 56412398745 muhittinharap kadin 02.08.1369 65478925896 kl@gmail.com 1/5/8956 1/5/8957 5 600 0 0 0 0 1 1 0 0 0 0 0 0 0 0 0 0 0 0 0 0 0 0 0 0 0 0 0 0 0 0 0 0 0 0 0 0 0 0 0 0 0 0 0 0 0 0 0 0 0 0 0 0 0 0 0 0 0 0 0 0 
8904 63465648997 kadir_ebubekir erkek 15.6.1996 05380325335 kadire@gmail.com 6/6/2018 6/6/2019 6 600 0 0 0 0 0 1 1 1 1 1 1 1 0 0 0 0 0 1 1 0 1 0 1 1 0 0 0 0 0 1800 1900 2000 2100 2200 2300 2400 0 0 0 0 0 800 100 100 100 100 100 100 0 0 0 0 0 163 28 40 46 53 70 40 
8924 96969876839 sezen_aksu kadin 27.12.1968 05052698047 unutulmazsezen@gmail.com 6/5/2018 6/5/2019 5 600 1 1 1 1 1 1 1 1 1 1 1 1 1 1 1 1 1 1 1 1 1 1 1 1 2300 2400 2500 2600 1500 1600 1700 1800 1900 2000 2100 2200 100 100 100 100 500 100 100 100 100 100 100 100 75 87 93 31 96 20 28 40 46 53 70 40 
8990 73695678442 samet_kural erkek 17.3.1990 05438962896 sameta@gmail.com 16/4/2018 16/4/2019 4 600 0 0 0 1 1 1 1 1 0 0 0 0 0 0 0 1 1 1 1 1 1 1 1 1 2200 2300 2400 1100 1200 1300 1400 1500 1600 1800 1900 2100 100 100 100 100 100 100 100 100 100 200 100 200 75 87 93 31 19 20 28 40 46 106 70 80 
9034 15212314621 tugce_dinc kadin 14.5.1998 05068964125 tdinc@gmail.com 6/7/2018 6/7/2019 7 600 0 0 0 0 0 0 1 1 1 1 1 1 0 0 0 0 0 0 1 1 1 1 1 1 2300 2400 2500 2600 2700 2800 1700 1800 1900 2000 2100 2200 100 100 100 100 100 100 700 100 100 100 100 100 75 87 93 31 19 20 200 40 46 53 70 40 
